             o  ,    o  ,                                  STATE COLLEGE, PA                           Astronomical Applications Dept.
Location: W077 52, N40 49                          Rise and Set for the Sun for 2024                   U. S. Naval Observatory        
                                                                                                       Washington, DC  20392-5420     
                                                      Zone:  5h West of Greenwich                                                     
                                                                                                                                      
                                                                                                                                      
       Jan.       Feb.       Mar.       Apr.       May        June       July       Aug.       Sept.      Oct.       Nov.       Dec.  
Day Rise  Set  Rise  Set  Rise  Set  Rise  Set  Rise  Set  Rise  Set  Rise  Set  Rise  Set  Rise  Set  Rise  Set  Rise  Set  Rise  Set
     h m  h m   h m  h m   h m  h m   h m  h m   h m  h m   h m  h m   h m  h m   h m  h m   h m  h m   h m  h m   h m  h m   h m  h m
01  0736 1654  0722 1728  0645 1803  0554 1837  0509 1908  0442 1937  0444 1947  0508 1926  0539 1843  0609 1753  0643 1707  0717 1644
02  0736 1655  0721 1730  0643 1804  0552 1838  0508 1909  0442 1938  0445 1947  0509 1925  0540 1841  0610 1751  0644 1706  0718 1644
03  0736 1656  0720 1731  0642 1806  0551 1839  0507 1911  0441 1939  0445 1946  0510 1924  0541 1840  0611 1749  0645 1705  0719 1644
04  0736 1657  0719 1732  0640 1807  0549 1840  0505 1912  0441 1939  0446 1946  0511 1923  0542 1838  0612 1748  0646 1703  0720 1644
05  0736 1658  0718 1733  0638 1808  0548 1841  0504 1913  0441 1940  0446 1946  0512 1922  0543 1836  0613 1746  0647 1702  0721 1644
06  0736 1659  0717 1735  0637 1809  0546 1842  0503 1914  0440 1941  0447 1946  0513 1921  0544 1835  0614 1744  0649 1701  0722 1644
07  0736 1700  0716 1736  0635 1810  0544 1843  0502 1915  0440 1941  0448 1945  0514 1919  0545 1833  0615 1743  0650 1700  0723 1644
08  0736 1701  0715 1737  0634 1811  0543 1844  0501 1916  0440 1942  0448 1945  0515 1918  0546 1831  0616 1741  0651 1659  0724 1644
09  0736 1702  0713 1738  0632 1812  0541 1845  0500 1917  0440 1942  0449 1945  0516 1917  0547 1830  0617 1740  0652 1658  0724 1644
10  0735 1703  0712 1740  0630 1813  0540 1846  0459 1918  0440 1943  0450 1944  0517 1916  0548 1828  0618 1738  0653 1657  0725 1644
11  0735 1704  0711 1741  0629 1814  0538 1847  0458 1919  0440 1943  0450 1944  0518 1914  0549 1826  0619 1736  0654 1656  0726 1644
12  0735 1705  0710 1742  0627 1816  0536 1848  0457 1920  0439 1944  0451 1943  0519 1913  0550 1825  0620 1735  0656 1655  0727 1644
13  0735 1706  0709 1743  0625 1817  0535 1850  0456 1921  0439 1944  0452 1943  0520 1912  0551 1823  0621 1733  0657 1654  0728 1644
14  0734 1707  0707 1744  0624 1818  0533 1851  0455 1922  0439 1945  0453 1942  0521 1910  0552 1821  0622 1732  0658 1654  0728 1644
15  0734 1708  0706 1746  0622 1819  0532 1852  0454 1923  0439 1945  0453 1941  0522 1909  0553 1820  0623 1730  0659 1653  0729 1645
16  0733 1709  0705 1747  0621 1820  0530 1853  0453 1924  0439 1945  0454 1941  0523 1907  0554 1818  0624 1729  0700 1652  0730 1645
17  0733 1710  0703 1748  0619 1821  0529 1854  0452 1925  0440 1946  0455 1940  0524 1906  0555 1816  0626 1727  0702 1651  0730 1645
18  0732 1711  0702 1749  0617 1822  0527 1855  0451 1925  0440 1946  0456 1939  0525 1904  0556 1814  0627 1726  0703 1650  0731 1646
19  0732 1713  0701 1750  0616 1823  0526 1856  0450 1926  0440 1946  0457 1939  0526 1903  0557 1813  0628 1724  0704 1650  0732 1646
20  0731 1714  0659 1752  0614 1824  0524 1857  0449 1927  0440 1946  0457 1938  0527 1902  0558 1811  0629 1723  0705 1649  0732 1647
21  0731 1715  0658 1753  0612 1825  0523 1858  0449 1928  0440 1947  0458 1937  0528 1900  0559 1809  0630 1721  0706 1649  0733 1647
22  0730 1716  0657 1754  0611 1826  0521 1859  0448 1929  0441 1947  0459 1936  0529 1859  0600 1808  0631 1720  0707 1648  0733 1648
23  0729 1717  0655 1755  0609 1827  0520 1900  0447 1930  0441 1947  0500 1935  0530 1857  0601 1806  0632 1719  0708 1647  0734 1648
24  0729 1719  0654 1756  0607 1828  0519 1901  0446 1931  0441 1947  0501 1935  0531 1856  0602 1804  0633 1717  0709 1647  0734 1649
25  0728 1720  0652 1758  0606 1830  0517 1902  0446 1932  0441 1947  0502 1934  0532 1854  0603 1803  0635 1716  0711 1646  0734 1650
26  0727 1721  0651 1759  0604 1831  0516 1903  0445 1933  0442 1947  0503 1933  0533 1852  0604 1801  0636 1714  0712 1646  0735 1650
27  0726 1722  0649 1800  0602 1832  0514 1904  0445 1933  0442 1947  0504 1932  0534 1851  0605 1759  0637 1713  0713 1646  0735 1651
28  0726 1723  0648 1801  0601 1833  0513 1905  0444 1934  0443 1947  0505 1931  0535 1849  0606 1758  0638 1712  0714 1645  0735 1652
29  0725 1725  0646 1802  0559 1834  0512 1906  0443 1935  0443 1947  0506 1930  0536 1848  0607 1756  0639 1711  0715 1645  0735 1652
30  0724 1726             0557 1835  0510 1907  0443 1936  0444 1947  0507 1929  0537 1846  0608 1754  0640 1709  0716 1645  0736 1653
31  0723 1727             0556 1836             0442 1937             0507 1928  0538 1844             0641 1708             0736 1654

Add one hour for daylight time, if and when in use.